[pi_N]
aa = 1e4
ab = 1e2
bb = 1e2

[pi_T]
aa = 1e4
ab = 1e2
bb = 1e2

[mu_N]
aa = 0.9900000000
ab = 0.5000000000
bb = 0.0100000000

[mu_T]
aa = 0.9900000000
ab = 0.5000000000
bb = 0.0100000000

