[pi]
aa_aa = 1e6
aa_ab = 1e2
aa_bb = 1e2
ab_aa = 1e2
ab_ab = 1e4
ab_bb = 1e2
bb_aa = 1e1
bb_ab = 1e1
bb_bb = 1e4

[mu_N]
aa = 0.9900000000
ab = 0.5000000000
bb = 0.0100000000

[mu_T]
aa = 0.9900000000
ab = 0.5000000000
bb = 0.0100000000

